"","V1","V2","V3","V4","V5","V6","V7","V8","V9","V10","V11","V12","V13","V14","V15","V16","V17","V18","V19","V20","V21","V22","V23","V24","V25","V26","V27","V28","V29","V30","V31","V32","V33","V34","V35","V36","V37","V38","V39","V40","V41","V42","V43","V44","V45","V46","V47","V48","V49","V50","V51","V52","V53","V54","V55","V56","V57","V58","V59","V60","V61","V62","V63","V64"
"1",0.00102452533767673,0.0010155949290605,0.00102727650221383,0.00102146654591467,0.000976691694552125,0.00105038736841098,0.00128972605328632,0.00145864115331377,0.000989544971136651,0.00099212623213606,0.0381785535528778,0.0970435230664388,0.0969826378919969,0.10166960785326,0.105752863419647,0.121441954861053,0.13638756269187,0.149115118965658,0.14899304738416,0.153234651014269,0.123529124934608,0.0590369823739711,0.0974210497145594,0.050945480257507,0.270310044055677,0.715179820205814,0.985077623570753,0.98573285775554,0.94586978376448,0.869438988781958,0.969851389663317,0.988583887183776,0.989397893677096,0.981036963407685,0.968530766925514,1.00204211912368,1.58876237479408,2.23667201634781,2.83576238177401,3.13161318695365,2.90355430411086,2.73810382117054,3.95442018779332,8.39670063654026,9.42219786838764,8.6652236691771,8.14532075124045,8.00425319055038,7.29721987565626,5.48236723170594,8.55744180877336,9.79687544926882,8.24698648852637,7.19285055916191,3.53422811754361,2.83963874465545,2.97729589862313,3.28875669145342,3.84592110374054,4.0595004941108,0.532611248327036,2.16784204150547,1.91590413355029,1.98140305898498
"2",0.00100773853681092,0.000998836017631575,0.000996407991419579,0.000997057705203517,0.000992825017546229,0.000988595311874474,0.000990761681449527,0.000995845198686392,0.000986914219270513,0.0477511088350527,0.0972542490576464,0.0973768361211296,0.0544650452794968,0.0106526267418065,0.00118922933912415,0.00185410134430827,0.11653138623979,0.18142843025049,0.183008506483116,0.183997746691812,0.185583459871971,0.179956964718661,0.177086596114017,0.151559540783024,0.152063478476506,0.623004907494388,0.95220829043427,1.00476528362384,1.01572401233695,1.01452751529034,1.01821009905708,1.01937788137846,1.0199721986182,1.02223407285426,1.35724510875245,1.71985732843099,1.96665561479935,2.37359286513741,3.11855892135922,3.65876053684957,2.74458834672482,2.37819320122917,3.52097365281974,8.5470976421878,9.51503675986584,9.07522385926244,8.66682826211099,8.23907458613543,7.12853602693232,6.20042284447928,7.8860262428083,9.29196842120602,8.00858955298365,5.7872747652962,3.25907967355045,2.90012899554321,2.94083321322512,3.54960295051806,4.1494618002779,4.1407251473026,1.11242404018095,2.3536162409642,2.18325829627039,2.0951864352677
"3",0.00112421443945936,0.000993603850827072,0.00106625723125639,0.0011224214219338,0.000996824475682341,0.000996749634037239,0.00104087010802478,0.0011233701327181,0.00108977128756981,0.0484876088275314,0.0121851096428262,0.000993034247549328,0.000985157589280976,0.000992161842137231,0.0014631963986689,0.0567490950910989,0.199870326434472,0.203491916000712,0.208753839724907,0.214342660610595,0.217988587341697,0.212086609047615,0.385787028648688,0.435723665593499,0.140041094570835,0.425418152509643,0.964135969146908,1.03600048995935,0.781164354325054,0.704580059364566,1.03079193915939,1.04936702004894,1.14637922364355,1.39119487346382,1.56644078709717,1.9979437205486,2.16594652776749,2.75546601345168,2.99246017161398,3.50938359463615,2.72615023277945,2.08688240844945,3.64025609064681,7.73537929688339,9.56694774715798,9.11388229459461,8.96297663316528,8.48999847622495,7.38619872133151,7.27613507664838,8.76939045057506,8.52285617232583,7.87173256174122,4.21932053290857,2.67456390487386,2.77442419171234,2.77484715937878,3.18991690508002,4.01872958322478,2.30058348977852,2.01112702246647,2.29148985698858,2.20651068730014,2.21770389667515
"4",0.000980921127192192,0.00099199128252362,0.0010799787239437,0.00100815789483987,0.00111626231218527,0.00117572281841163,0.0010817385022571,0.000961012794747163,0.000976511624419827,0.000996685059277881,0.000996038839806352,0.00099110946847057,0.000997817147582486,0.000995720924742315,0.00149755243087979,0.0022158092268285,0.0701138334836985,0.116264620903627,0.188376053617615,0.259559328491621,0.270560421942437,0.247764721898007,0.384586875795554,0.49523474478408,0.202752104401451,0.222769901737039,0.415573596390062,0.579698612175793,0.914022494986695,1.05198236943021,1.10147927947323,1.07940586488809,1.00345464460094,1.30462519978066,1.70485362719293,2.12402427830362,2.35813866263749,3.07656211166979,3.30999522135204,3.19239078782361,2.47325209426703,1.49449130470009,1.46210284532034,7.00844040831343,9.56191881322226,9.04050463863939,8.94436524218683,8.78742823598054,8.01556469460311,7.81707009804449,9.57555527847135,8.22245812876763,7.18600006035068,4.75141899415949,3.08598398604749,2.95364922745726,3.03146682969196,3.51994008840118,3.87863246421584,0.901574231575193,2.41481516108919,1.54981017808101,2.11428956358206,2.08937784877858
"5",0.000990444573291291,0.00107900491024879,0.00100843256467723,0.000996257328319731,0.00101365136551061,0.00102064238913301,0.000988138775803846,0.000981213382839188,0.000984316880217158,0.00101156438313701,0.00101953761219099,0.000998979798392341,0.00099731968599986,0.000991258476868788,0.00098922375714919,0.00102265101538532,0.00254367608344716,0.00641533435480206,0.107876528325931,0.352498470968092,0.341738756996979,0.32617652168644,0.287891502200754,0.248830428445364,0.748562279416711,0.907567799279247,0.401171764653946,0.61670466910378,1.0147068890612,1.15918445902787,1.15113726811473,0.804931319824063,0.647361446249348,1.71703065622575,2.06445284167201,2.34867857300696,2.93098265006253,3.02989040689729,3.11003834116457,2.97327676186581,2.03993933798987,1.34608732258617,1.4782962669842,1.95501698575404,9.10870190844628,9.11958085215944,9.02180183767002,8.80267412790966,8.59210400413093,7.24233102359516,9.82205793828073,8.35867069884205,7.47319264330349,5.53306208171662,3.38431232431322,3.06221092219539,3.10493919633176,3.58353656448025,3.04046600802075,0.78230256559886,2.07124183460223,2.19923655240325,2.00156191127689,2.00193068870127
"6",0.0010110049903634,0.00118042108005001,0.00110418245543064,0.00104486680736749,0.00100614390267749,0.000995227884997512,0.000995733686956702,0.000989819680156112,0.00107509018751678,0.00110696374955592,0.000998673633602582,0.00100053253863381,0.000997329649535027,0.00120813241084959,0.00106540041637108,0.000983711334906907,0.0985485443832317,0.267467876473779,0.27224183266549,0.420777749834177,0.402763641753462,0.383426532984307,0.363154249862324,0.312603068347059,0.257019358172876,0.728329225303331,1.00291788298922,0.615995562882786,0.736524076090679,0.927939035863031,1.21574979780247,1.10894657695022,0.938416389225632,1.08981418893801,1.6583010749599,2.43646566148128,3.13049319148957,3.13137984978533,3.12659300688056,3.03674589177202,2.28230021246019,1.12619876000722,1.66479476251558,2.00546772458957,7.42783178790396,8.75034559331382,8.99184619076214,8.92323756365217,8.64089482369437,8.43009487093383,9.83493900019341,9.26243888733126,8.13066432303705,6.62735620049202,3.94070069409513,3.22670305742938,3.11427201126381,3.6689791211292,3.1086079402758,0.177484820993613,1.99694908487292,1.8598614341209,1.33863911222829,0.855128478358847
"7",0.000988512851456893,0.000982558630975463,0.000967380066599884,0.000998966612908169,0.00123072389501839,0.00109237916647414,0.000997590872762617,0.000979800645479839,0.000979207210892383,0.00104685411874323,0.00110670690303187,0.00102774078991018,0.000997666017788427,0.00120038587588764,0.00132089462160252,0.00099168238705126,0.0729693172593216,0.343374985123893,0.467827006420631,0.462704235599666,0.447424222428582,0.431887673347455,0.409967265072096,0.397507400254055,0.511851690454596,0.546861194879535,0.582002250548289,1.00710301193822,1.06195601950069,1.15738672797509,1.27311214253277,1.22123314826665,1.12619178928072,0.967389242718096,1.56609674880379,2.1633862673036,2.78063248664044,3.17781985687802,3.17460184319516,2.64209545283218,2.20704352261403,1.37369770949505,1.39861697070555,1.81974227464085,2.40780417960263,8.57365516320376,8.94130710856462,8.91259054837008,8.80543384941057,8.88382141796029,9.77157498634911,9.90572074813765,8.19278674940241,7.9144251585869,5.4484887127943,3.57203719655052,3.1167942350637,3.43634817245861,3.17017721747037,0.396799489500388,2.04389707782373,2.02273105105102,1.99483931247437,1.71541873169753
"8",0.00100394535969209,0.00103852101440117,0.00098788314215706,0.000979098670777871,0.000986168229386069,0.000998718873982672,0.00103392957193261,0.000999310842638382,0.0010098207601161,0.00114466078369968,0.00113173776502288,0.00119871875158358,0.00170431932809906,0.00599514984507415,0.00973993710612087,0.00175000956446207,0.146999927504919,0.372134538100851,0.452176017180597,0.504499607594818,0.483509634808001,0.467402701784733,0.457853577053656,0.426084951200694,0.393584451559865,0.404795145166339,0.626350383644579,1.0951432558093,1.34154684463143,1.3316261171659,1.32132225845062,1.29192090483293,1.35391441077603,1.55921597848783,2.07041682772122,2.71429031557268,3.18752962481216,3.24049659533397,3.2301859794519,2.98450736621334,2.24457147738375,1.75489287317748,1.53346079615619,1.7577239340665,2.44873054747663,8.39082062279425,8.88791041175838,8.93839070619438,8.89055025293665,8.95186485754932,9.56123950603866,9.80712414679413,9.70544807097167,8.01823005758873,6.65765315953703,4.11728361089472,3.02467536971006,3.53363988163266,3.19595120317375,0.646548002666702,2.02991702865209,2.04781001757978,1.99865137371205,2.56026939946141
"9",0.000984011608242322,0.000997624024410928,0.00109695647134655,0.00104775383544692,0.00102136706928619,0.000991589376996807,0.00099026414929491,0.00102714744560508,0.0009822570154281,0.000984459657939945,0.00098895752693872,0.00116157791880612,0.00279612960075669,0.0109952006874202,0.0196648748516281,0.04719556757418,0.0522471437873923,0.31482492856363,0.576390942724964,0.559809373179379,0.333828712272615,0.414084087390128,0.488264509815768,0.485733867218111,0.465479757729972,0.413946765086529,0.643495280293014,1.29960161555396,1.2677540570498,1.21688556755359,1.25436718206095,1.24845360460227,1.52924484282986,1.91187729696246,2.3255017006293,2.95635445360184,3.27289434270225,3.30705855627441,3.21710863708176,3.1166926430128,2.23953884318215,1.76309840236727,1.12250449198313,1.95098261070811,2.84315614630112,7.63377869174092,8.44216876718414,8.66770129770069,8.81192250285916,9.13080591611806,9.60396280632612,9.64194602987086,9.71779891825482,9.08986231641121,7.43021469390266,4.38212537073748,3.22840060311571,4.08931068199567,3.20628255237148,1.49833340464235,2.02725858654971,2.04892806705454,2.01186759134693,2.46143206778632
"10",0.00113155751634557,0.000993773394526918,0.000999837021478655,0.00113886612629914,0.0010069920534601,0.000989967511838058,0.000998060322419766,0.000981077857165251,0.000989444658664882,0.00099820476516692,0.0321310915272425,0.00124226606366231,0.00898028965309055,0.00953127183352522,0.0465203786589919,0.300342048509398,0.465992775567364,0.619595621698445,0.487052471594009,0.558074387075011,0.417505409728109,0.235591100654779,0.394481519406944,0.540195269426379,0.527322998510218,0.504613130216903,0.502071269460411,0.577083910514404,1.20456236131741,1.42888324734077,1.40469902787771,1.38123860012721,1.39418933392445,1.8091713919348,2.47049569477005,2.87441493653336,2.73381260540499,2.6100337860264,2.79700153766565,2.41178330697178,1.84779901421877,1.20444511510505,0.806977343012646,1.44937216235898,2.46159191592366,2.62303025265139,8.22928212645441,8.44054288732753,8.77798733036735,9.03996421317787,9.41401785885533,9.51565050066207,9.58029321697111,9.92900972880983,7.88137040870604,6.08303937191774,3.36988447704155,3.31605624600188,3.31996506944221,3.17224547704519,1.77936402943373,2.02300957438664,2.0134028053844,2.17519095187524
"11",0.0010155197646571,0.000998689368122943,0.000999841894310389,0.000996391994173812,0.000995234042994351,0.00127084730918598,0.00116170242780476,0.00106486411046417,0.169201835144015,0.295250205375262,0.419387739804016,0.52863919276269,0.520833547035578,0.252477205610142,0.14122934910952,0.609724577974275,0.639696284225714,0.657112003773155,0.52048109415301,0.428465410490183,0.552850416391099,0.531117618696372,0.588389220827273,0.606294182100169,0.587188384552256,0.583771361203065,0.557580987651372,0.650615032874526,1.20215655216047,1.48434667359082,1.48086543103839,1.4778303348718,1.46890263759102,1.71166637302835,2.39556331223214,2.49108586126437,2.41477462099596,2.51370189920253,3.00626333051663,2.12007400839507,1.30860994547302,0.883796154952299,0.94340808043138,1.69037548721433,2.12405679274314,2.47339534366416,6.27446149297274,8.14290424770321,8.37427528764716,9.05697644400939,9.45622206469775,9.50436320523852,9.50309004197917,9.79515721604439,8.82387679761339,7.21482186754228,3.33107038001391,2.66594493021759,2.84124570961625,2.57169821960193,0.00615523633711765,0.987423874055343,1.31143089359623,1.96164065264522
"12",0.00104525463453094,0.000991593557101064,0.0009949114823144,0.00105604502654158,0.00101703999392178,0.000994964429615423,0.00112975706820475,0.00102336892789444,0.0266201894392735,0.256720143399957,0.737081257100754,0.73767065876249,0.737207311134832,0.736122139665023,0.732865946595881,0.725417023374448,0.718417591083933,0.712842344436615,0.709154807514878,0.669192563177156,0.681122460301838,0.677708383607207,0.661664460242943,0.638156449557687,0.822204268825077,1.19962582842942,0.767080660530858,0.891615292787746,1.22906187909693,1.53487823064243,1.53840851481183,1.53685144346515,1.54774932438764,1.7351839064132,2.52344260191183,2.59124269830785,2.77729048518788,2.97749784528954,3.3934788187686,2.8348879249155,2.49703271206948,2.17052030260939,1.36825719406517,0.753942912176866,2.19429177489828,2.61139492888526,1.64667149144384,7.99358116780053,8.37905022135516,8.49818361184177,9.36891240888174,9.51581637572797,9.42500085116752,9.70958861592614,10.0012625951169,7.69671912806621,4.92355556339516,3.30797054769008,3.75963270335951,3.27170467285502,1.70218794620988,2.12472339631791,2.10719279566372,2.014399997422
"13",0.000997588488041874,0.000991843698185051,0.000981461214663009,0.000991221373324009,0.000989859248223482,0.000990443576536645,0.000986665870955078,0.00100972244400015,0.00100919958606184,0.0159984786221818,0.320705149937361,0.525978392212053,0.738217944028935,0.73781341074995,0.736105608060187,0.733929988285981,0.731310676143918,0.72715795778752,0.722816328166485,0.717706479400631,0.712532718794001,0.703904689802219,0.695842897799519,0.6835283074609,0.657630555630241,0.648062457513346,0.648155170831483,0.737224205232644,1.23784490720968,1.59405008236739,1.59874044402899,1.59160857619448,1.7346516594931,2.04461906859988,2.49332601466472,3.20038579170862,3.55733251698719,3.48733944926375,3.28836461910847,2.83827898210572,2.32163010265079,1.70269486028844,1.51159573389089,1.81246752977434,1.67911552392183,1.45529191383053,0.0027462750021422,6.02124926167525,8.20552988328591,8.92015864978997,9.40239145611977,9.5464882151212,9.42586815968509,9.58340913133833,9.97461447580705,9.05997236091476,4.98049578695074,2.78829289758619,2.51335977150554,2.76357982319799,0.870109732923535,2.04545314577408,1.88040064200284,1.84309534724579
"14",0.00125886455359325,0.000995894167328429,0.000980302600936871,0.0010118872968918,0.00105873218696971,0.0010031113647161,0.000985041988568315,0.00100218047772195,0.00122805399899438,0.0451449469886982,0.481017701693981,0.659339934397966,0.741193480316253,0.740541001815017,0.740153145517685,0.739886277456825,0.739916865418128,0.739799866992901,0.73840859616716,0.735762284954736,0.732596173915169,0.727895432058603,0.726821016399607,0.779303520677444,0.8500971929931,1.01095584279125,0.864000355235324,0.757861320095236,0.976814572622693,1.68664347671526,2.09653568473584,1.69365442564293,2.42069593688955,2.59276078752208,2.67424767877216,3.37618081593825,3.59090531490043,3.61111951817417,3.61326416681019,3.61772409151642,2.82604232359868,2.57025117069332,3.06554096939582,2.94511464767935,2.92856450790121,2.97524605953237,2.97477800418508,0.946960713736134,6.46999848825764,7.93422413961602,9.05571189670616,9.49541362758869,9.43843994722965,9.46712119813597,9.75952341829345,9.6557843089326,8.30304820039841,4.56343594687367,2.94544773761747,3.13520489432812,2.25302044970536,1.89572913895412,1.88608475962534,1.95605570760141
"15",0.00109454869711716,0.00107899843044504,0.000999299244211531,0.00103432155266828,0.00101467377938643,0.00100000308184475,0.000994706511221859,0.000991021230537369,0.000992461078474126,0.000968720743961845,0.000982682472158671,0.510272235306551,0.692432929373856,0.710870025743276,0.747870953136177,0.932348875518274,0.847546161764342,0.782991415035821,0.890059132706056,1.1531440713907,0.758164790064601,0.752457009865316,0.750618034793791,1.33533978937067,1.26312559042751,0.762655677596144,0.801377216989326,1.23699536694509,1.69222976618976,1.68288566604867,1.93944115502714,2.21381146059587,2.6271318832816,2.65220161040407,2.64513991543777,3.15084469047901,3.62600775477486,3.64180414825101,3.64167558289055,3.64298428392601,3.64491289875853,3.64860221860919,3.64436497751667,3.00652184488827,2.99048174889997,2.98176634792073,2.96749184126665,2.63293924211428,4.63947904012277,6.90569184680028,7.85464550218334,8.461152854866,9.02822270239188,8.9617095923962,9.38696224707699,9.68673949997722,9.64935634417275,8.01783618765253,2.20394244984154,1.95374900170326,0.5813963544022,0.770558627325481,1.00505902830117,1.87597180362255
"16",0.00106365244742461,0.00101178892254781,0.00100226276652339,0.000998976662514709,0.000999912992048646,0.00100020663192645,0.00100902816727982,0.00102376478838488,0.00103336530139639,0.000983797334733019,0.00098560120565798,0.000999466102139248,0.277016445014201,0.436421104546788,0.748841123714364,1.06997688755321,0.873545733023703,0.759511610347046,1.16064088704263,1.74754837156288,1.68095190109173,1.33731840343898,1.38870385576465,1.76258259277254,1.23919593986858,1.15481080250037,1.43089803936916,1.63837398659193,1.72215147961129,1.7101742225022,1.85951131204033,2.33064537096166,2.56179556423156,2.67765658944103,3.18312494616282,3.67624736941624,3.66559316609662,3.66122102285652,3.66362011155523,3.66302777607442,3.66186371143583,3.82487585642072,3.9687270970389,3.02048522015203,3.00500955883557,2.99645776011443,2.98388302022526,2.96542810447584,0.917459128418399,5.73602828097501,7.41867359681773,7.83546577353983,8.29361192324998,8.29371387641989,9.01639032130385,9.64137502512007,9.9236153790838,9.96958906992288,9.998913985236,5.23310448952162,1.91174340420245,1.23274504796593,1.25972776649321,2.13149533996789
"17",0.000998115907434244,0.000998075000251484,0.000991598956015898,0.0010056890242339,0.000989056953801934,0.000989046358265072,0.000995733448492618,0.000979288656005235,0.000979769823283606,0.00100659466643671,0.0010232440984751,0.0010027281130959,0.000965040228430258,0.0500177321365157,0.174329741425878,0.667377067447694,1.08167349254636,1.5711239210731,1.67039158124708,1.43024730254846,1.20245916063049,1.28013833415564,1.44033939727058,1.76875591919308,1.77058626471784,1.76676224362932,1.76265990778603,1.75508763856418,1.74790805444024,1.74961726657642,2.07794883466211,2.66493889160819,2.73210474598063,2.84703616188886,3.4198467817717,3.41841298718548,3.08465180413393,3.16947200349343,3.4526852151827,3.53758262018745,3.67897968653478,3.75610976139309,3.34822661275858,3.02875319713842,2.99101854817957,2.52544523557264,2.86325683736852,2.98324535278548,1.83759543464779,1.38016439507113,6.82258777402259,7.09283493706245,7.73731081270499,8.21457087180214,8.70087060450635,9.64168766209688,9.90019542609051,10.0020149850768,10.5565550288369,11.2490663330008,8.92261190213726,5.17792743010993,0.891118253854268,2.30519833389933
"18",0.00100201543128761,0.000993322519226406,0.000997037758181543,0.00116907086355781,0.00118671581907589,0.001089339437326,0.000989283676191132,0.00110105534678649,0.00110613713462292,0.000996773100348507,0.00101033018047978,0.00106139319320016,0.00109126431229164,0.00111182859276409,0.00102489150358038,0.0714429739205955,0.56216876129042,0.900810270825237,1.21158689258042,1.38702421791301,1.60678896562222,1.74125974282641,1.57710495286591,1.70014650731228,1.7805088479853,1.77872308796739,1.77696542730794,1.77310168724238,1.76894469862055,1.89895834291285,2.67975838996662,2.75450908000287,2.98341692272013,3.35414535617993,3.10614774960155,3.19226959714422,2.80879792538452,2.80841779380997,3.1275899059285,3.40729347015902,3.49060412965993,3.69003752873694,2.96164745873506,2.99924785977894,2.42601949023502,2.87688451182023,3.14517851505146,3.20630663329044,3.32383358478852,1.53714798573746,4.88714915652124,6.81287479767831,7.17594119065028,7.67145466273505,8.43413282911162,8.95753142130159,9.86018244541304,9.99272964250473,10.300417947699,10.8949556508542,11.3974618008013,8.08222684980832,3.70861456339106,1.60803049827371
"19",0.000976271333223809,0.00106002944882527,0.00111085632780362,0.00106476233608383,0.00097248204498008,0.00108402438455276,0.00106596804598593,0.00113799383898018,0.00113515774681708,0.000987113768141688,0.00101410788042508,0.000946732274060062,0.000952941962806699,0.000977268383454671,0.000973173974135921,0.00134693574021481,0.00183627982019112,0.119018085366322,0.307137201409027,0.645906946387826,1.04130162881581,1.69450129359453,1.79108475231575,1.79309930169337,1.79331670396257,1.79307221206635,1.79289632015036,1.7914522498495,1.79193125487596,2.30613488652026,2.73280482903834,2.790553362969,3.26525670732821,3.57629140418966,3.55987301132023,3.52104193475572,3.5666912650888,3.73870825800158,3.67941747763154,3.14331932031046,2.78233708472706,2.76900764470892,2.35286919186541,2.17695814353703,1.79516227398424,2.22024837852858,2.45356402100765,2.95128571830533,2.91368535481063,3.40884892509258,1.11828899567813,5.3317044758206,6.70383778095903,7.50177729313851,7.99164291764064,8.46121912938414,8.92378543787282,8.66244818418444,9.55815686142093,10.414589339083,11.0736560971099,10.9211390481773,6.83597557540357,0.923942544522386
"20",0.000987622920343455,0.000987683424443208,0.000999423566200886,0.000984150758081397,0.00097104831842106,0.000994319375182686,0.000995182431927097,0.00125704008826043,0.00193265683309001,0.00249833601612544,0.0123489027478701,0.0181798829367072,0.00101868945111719,0.000987668304448758,0.000970129647251736,0.000991074564779474,0.000989639063558224,0.00102266596456907,0.070850941804417,0.616760215014793,0.838829423244331,0.99826781921296,1.6701923958811,1.80775683676709,1.81040443595822,1.81176971327677,1.81389968264606,2.00047441794583,2.12614853755772,2.618823140271,2.80599160486348,2.9312651359749,3.0964505995433,3.36557459524891,3.68587857748722,3.76944542790137,3.7735113394084,3.63736449989896,3.12698936161452,2.27290736071062,1.76825207267221,1.734783857999,1.32056017843483,0.777132360844614,2.01584916702256,1.81217112491231,3.47269734564023,2.34944398654046,1.82416867499691,2.27856836998321,3.45523120605282,1.06705595541893,5.24181840852853,6.1774408496398,7.39454889540411,8.26350129340999,8.4862894940685,8.36085146656767,8.65203173346666,9.59035642185468,10.4335150814698,10.3971134291552,10.1333371373121,5.71930068299853
"21",0.00120197881781504,0.00126001060005961,0.0012229957950321,0.00100612956654751,0.00103095965004753,0.00100750779146508,0.0012525251552377,0.0013325430522125,0.00113759847949603,0.00115047154153801,0.266643954686912,0.309373934461427,0.11768661717278,0.353384370672922,0.36556848874073,0.343634243281736,0.242289078170033,0.605897137416512,0.778958260501597,0.887557644776446,1.58929131898557,1.80902479485374,1.84665212604057,1.91022436651063,2.36331479187536,2.6283498508086,2.55781783974881,2.62987726221681,2.63121591438391,2.82019752378942,2.9200372786611,3.25294270343313,3.72255757050531,3.77306116959255,3.80591187579872,3.87539320256642,3.82282257088428,3.26106961631341,2.61404209987181,1.81814538793231,1.77195965795289,1.79830923223781,1.75207490975946,2.16246534071064,1.69841527243841,2.30194386656419,3.531502542941,3.53544399808597,3.53411094289202,3.27821961928869,3.32636723890771,3.20468000408637,4.43978155684702,5.01794897518102,5.70700899345927,7.38969963093694,8.46818873889119,9.20864351890387,8.40021895775773,9.27711570669952,9.84682654228594,9.88128405171001,10.2050176303334,8.97823085761199
"22",0.000976524061166296,0.000985744992653531,0.00110230685439142,0.00115235644053787,0.00103186331529413,0.00113263585566288,0.000996127392689974,0.000978938754630563,0.000985695260167838,0.000979907741533386,0.000974353581802569,0.00104892343937687,0.0180223759759219,0.27333593811195,0.976741704085098,1.08929978844119,1.11710768517578,1.03475117419121,0.981742161353982,0.962095328156309,1.35973925875868,1.36936004438343,1.60480260634875,1.7658928992758,1.96242338588068,2.45219078713577,2.82954240276407,2.83659175051576,2.97504718406829,3.24562029381758,3.56946290060038,3.72993121618297,3.84388491595763,3.83723348584753,3.82835278846347,3.53318367021231,3.13902259864385,2.49812311399823,1.94358678318978,1.82307666675353,1.83232534601903,1.35769792492007,1.25068268820627,1.46293988532203,1.5693964703067,3.56722495606039,3.56913154911496,3.56939775881558,3.5695778972066,3.52086132580242,3.48843162562232,3.44270432765743,2.9773528492376,3.32762015566432,4.68851041015794,5.45376395179349,6.86260581962105,8.52388845978776,8.54733302760046,8.82963221213057,9.43849618113789,9.4268776814302,9.79567255266577,10.1695874212634
"23",0.000985288835519393,0.000991497336873407,0.00102366937952299,0.000999142801528862,0.00099454001904961,0.00120708832685889,0.00109355882719603,0.00100339535522249,0.00099355141297781,0.000997588863124683,0.000992467895466361,0.000979689426446993,0.000965307078089729,0.000968643256710085,0.00104565076919748,0.00860347961449052,0.216925651517239,0.21234400496181,0.390145100147206,0.226077464088671,0.132496035794129,0.358848750765137,0.73197281184626,1.23432057923655,1.61680657728785,1.76554452678732,1.85243068903052,2.01077869507972,2.84396445638877,3.16549152453431,3.46961491500261,3.83527916238059,3.84711763220795,3.74624838438232,3.56393873739115,2.93470833960575,2.49367253737283,1.95273508306558,1.81454609950985,1.85845593399454,1.86320452978263,1.37098426578739,1.30085497200475,1.45799286434273,1.64119173557053,3.60239007522067,3.60241789022779,3.60245171565721,3.60252229747565,3.60271835765037,3.60310961035219,3.60397495912884,3.60525961557779,2.03701515471222,4.60942073892751,4.77143659288775,5.27930990787502,7.03599340471137,8.46733459012587,8.61015918009368,8.84834086419486,9.11675951388917,9.53686420370601,9.92691606772006
"24",0.000968577404914579,0.00101761544532784,0.000994103044501581,0.000985930818401038,0.000978648081414906,0.000980341577586346,0.000968059921684959,0.000995790725620841,0.000996106697544849,0.000995387979782162,0.00100970963991243,0.00104651394290192,0.00103610137595498,0.00104995023224163,0.00101891699499784,0.0529142569122658,0.324078299682592,0.168983372913523,0.0456750321153201,0.00101146757986478,0.00121382617049719,0.0020315393261561,0.0760580378130873,0.310719345123072,0.516903401740358,0.927967401294269,1.56071879760509,2.1848672596456,2.855975551477,2.88574291923016,2.88835274589792,3.14867656800497,3.18703527230852,3.40204596156682,3.38000840729138,2.86576727357139,2.02961109926087,1.87612483729044,1.88444295843441,1.89080017010584,1.55716235206261,1.24506786383412,1.29180821106986,1.46570833457741,2.16295393443095,3.63561249604388,3.63505636566363,3.634573777537,3.63432219562411,3.63402344818928,3.63383348014275,3.63389330480589,3.63401542812137,3.63446448154102,0.987036572728529,4.37392496236085,4.60430132652158,5.38901243686221,8.15038216112827,8.41719939591543,8.64259100783789,9.027652734593,9.46040072427533,9.76552126501325
"25",0.00101121566099806,0.00101965992867474,0.00101388551462292,0.00100020779802902,0.000987062402834839,0.00124201641083982,0.00109318462182952,0.00117676612035097,0.00117471654597838,0.00112176494974014,0.00107616828730102,0.00111613831138383,0.00107142700828152,0.00117042146510359,0.00135667995655376,0.00101665713416386,0.000995292074022634,0.000989811018258776,0.000990305657703428,0.000983992462996927,0.000981318681019531,0.000971011099269499,0.000970767137624127,0.0192791094277342,0.0129424731622377,0.33431609368724,1.02084310734483,1.75095340501209,2.60539418667157,2.92334390802632,2.93576234312228,3.49906760858474,3.94368244609074,3.86727285014005,3.43478105289558,2.4901003945114,2.03887698848646,1.50174190707315,1.57551926943363,1.83744275194629,1.54097713138233,1.0855801447211,1.50784788617709,1.70638159664829,3.66846216799699,3.66751662120213,3.66689712063877,3.66618067988456,3.66524930724658,3.66428054233641,3.66328479153423,3.66243497797798,3.66196570955905,3.66205784726904,3.63084141399525,3.5900051029003,4.54532986652286,4.68274100247688,6.56827479172947,8.29318178138383,8.27830679080864,8.78692824923054,9.42481425036737,9.60660725330793
"26",0.000968444068488531,0.000977810287925414,0.00103637528233055,0.00105595589104076,0.00097271441770887,0.00139041368062673,0.000999921554877043,0.000999753879596876,0.000989192959649865,0.000996602979931356,0.000987360898994159,0.000990233203356908,0.0010821319438923,0.00105954289837317,0.00103534977354883,0.00102480323874461,0.00103055730823568,0.00100002342288419,0.00102023880371154,0.00100767496749083,0.000994766513498145,0.000994080375840697,0.00147874618840014,0.044170158132634,0.040386894258208,0.0550191325639098,0.75885060371595,1.4279081687924,1.99084115880039,2.69564295634106,2.97973640511595,3.03406587859224,3.5757447547359,3.8863405497576,3.33027409235627,2.51590613939561,1.70440039202378,0.999742310659936,0.960214043527219,0.971860748239195,1.00644669730741,1.42838777997114,1.44749766160882,1.61277257792019,3.69906985026266,3.69948423551674,3.69884940255978,3.6976039403943,3.69597888981462,3.69408417287067,3.69195497822373,3.68997044196464,3.68799935720929,3.68718076469232,3.68725259751383,3.39082725158894,4.4810264045591,4.62050754369581,5.66187989121086,7.52262160259242,8.25026212825026,8.67870122574472,9.46932703926712,9.54521069884187
"27",0.000976631113642251,0.000981321098227967,0.000992970781150792,0.00104171831882958,0.00112212604287289,0.00113352689626906,0.000987814678150036,0.000971094839184884,0.000989791486908096,0.0010157114040689,0.00110375660537477,0.00105442566205744,0.000995684232697031,0.000994243299999491,0.000995080538035109,0.00100764583432734,0.00103689981364034,0.000987481492881694,0.000988920078220001,0.00100746571756043,0.000996656334171313,0.000986777358576394,0.00097537470496423,0.044160355009908,0.079121125402761,0.162300766618588,0.883004334329526,1.66011554546593,2.36787320661862,2.89064200420413,3.04090683547644,3.03682476652721,3.59856359416352,3.86874300736829,3.19615445469362,2.49120526986536,1.63593638780264,1.05061330534904,1.07569863693323,1.06660279293444,1.15797486762173,1.08703894406269,1.02643616063941,1.59515500720844,3.73345549364965,3.73299121681213,3.73153870539262,3.72948944855228,3.72708813435747,3.72425730654864,3.72086028420798,3.71694170994395,3.71292136602266,3.70909707522292,3.70599545311344,3.7029275807904,2.90120704082287,4.65045262709908,5.93260890552004,7.18413006695766,7.71403230008088,8.5102578295599,9.52227137276442,9.69232608554042
"28",0.00102066511603345,0.0011315309511244,0.00109668604591987,0.00106306261045295,0.00106459595376631,0.0009890655200851,0.000987354143580247,0.0009928537201483,0.000993914446529566,0.000979905996024053,0.000999501388975656,0.00104226926000044,0.00106754826230512,0.00102060129574077,0.00101765782122443,0.00105512757275689,0.000987436347421112,0.000972810496540476,0.00104587881703093,0.00108950575495663,0.00108495366139713,0.00187665492550537,0.0324082562834221,0.094241095172609,0.0932988228438556,0.474156191020436,1.2162211171139,1.92102517980849,2.68404427697407,3.0933063885288,3.08719164043488,3.12450743266473,3.25902879514329,3.71629431562089,3.48498274326435,2.81600152613123,2.05101689339177,1.57829858477526,1.96084841800973,2.13013057226823,1.24761321585564,1.23170691583165,1.34118590178805,3.7718201517333,3.77040374470637,3.76710129462583,3.76410413249352,3.76139037667639,3.75876928066251,3.75542981021969,3.75074138297219,3.74402778125189,3.7381647214934,3.73294331801742,3.72710629187348,3.71299475254754,1.50853554823003,1.94561460952311,6.84220253159008,7.0880155041316,7.69260052258183,8.24335433158546,9.43051793430924,9.70969673946837
"29",0.000983850496310646,0.000960805752375934,0.00105153632288436,0.0011074930011672,0.000998255193127864,0.000995844202915315,0.000998003070669439,0.000999902800615876,0.000999966528088104,0.000999062157971277,0.000990262213666457,0.000986816940896647,0.00101982185591916,0.00112435566551336,0.0011305520076515,0.00107027219326533,0.000984182782136207,0.000988308494061489,0.00102520781453943,0.00110413117135589,0.00206851655770592,0.00375919159811252,0.0583050808371782,0.0680715156395755,0.107039115321114,0.114284798481679,0.683123173095253,1.75191943758143,2.72526671677225,3.12773805351707,3.13336495034481,3.14101275051105,3.23756515397144,3.33625242344193,3.25438440285298,3.14185121226481,2.35742121577543,1.74932292685245,1.56111577681628,1.71720518831419,1.37879643604995,1.40597986180776,1.84963799386015,3.81069013504437,3.80226956680342,3.7980285050238,3.79472664679116,3.79179067788327,3.78935821696382,3.78811529406801,3.78979577474887,3.77727226843078,3.22652202250072,1.61758018201007,4.35190700143115,2.75875562182442,1.28011960686072,1.21045778958879,4.75550736701103,7.01257673250233,7.46360739921371,8.1574449751435,9.20315951651615,9.70195357830258
"30",0.00114084993706942,0.00114525507906778,0.000996155444800897,0.00111009677036042,0.000994558117648524,0.000993619867689926,0.00101355008238683,0.00105750217132218,0.00106720532419256,0.00104781190417076,0.00104151519800682,0.000999105006566814,0.000988466570574341,0.000988512693787011,0.00105686652631834,0.000995122243350186,0.000985235934627924,0.000982281082920267,0.00103667540845647,0.00110732092472482,0.00109883069643224,0.00184651448886066,0.00189288918265754,0.00609437199220076,0.133858000629326,0.1683368531426,0.479727761878255,1.30622004035858,2.19752411362129,2.86753906142837,3.17656686357592,3.41183625497248,3.48124108502303,3.21865030065488,3.18373524371373,3.02903659391417,2.37827430982765,1.48469999573614,1.19920634612074,1.05308280093748,0.986686529460374,4.50632111934784,4.25865129966664,3.37729686002459,3.82872838022202,3.82308705816197,3.82195407212607,3.82507970017867,3.81934944400584,3.61520459315035,1.85139187548124,3.69016644915032,3.49621602528687,2.48773217431177,1.65439789318924,2.0773192047217,1.97819992561986,4.31924609252971,0.720786422505176,7.24067772019367,7.70568966243944,8.08370562476655,8.97429190885003,9.60866611309162
"31",0.0010675258850266,0.00111618860231575,0.000983384921469826,0.000989913506796756,0.00100073421224187,0.000995872877916348,0.000988579126592515,0.00112642966498472,0.000994780362198538,0.00097133639825141,0.00100350958990039,0.00105435679652501,0.00101064426602294,0.000997173951570209,0.000996336568419653,0.000996545332491612,0.000994943043020511,0.000999832037574733,0.000999345027586035,0.00107961289597436,0.00107397480466156,0.00102868066100376,0.000990201182332938,0.0375435575743668,0.122763801100556,0.186908041060662,0.513567786218924,1.11701528360968,1.95973010307861,2.72776639733602,3.22067923645525,3.25054722389816,3.25739738527055,3.27211192863558,3.35684927376879,3.22433571644699,2.73022393051054,1.75994610977739,1.28951999351948,1.19000467540819,1.8373321856298,4.45168672057253,4.68817529426805,4.57022099719022,1.12944763644729,3.75165439321686,2.9812722731314,2.76238679669452,4.62835510445484,2.5074459131018,2.81888234744459,3.10415341825328,3.22726680138268,4.04304276098705,4.59239431195061,4.68099072526675,4.69626268991486,4.69393725238908,0.560794446170485,6.59822147850794,7.60369449092949,7.83511881176933,8.92528539740074,9.6671588124641
"32",0.000988252344121377,0.000998154516200354,0.0011742159690684,0.00103353384467286,0.00105542604925613,0.00111387812175243,0.000989158071433722,0.00117038473325339,0.000987369931242919,0.000991554385700762,0.00110496638584795,0.00106442099750831,0.00104784882299362,0.00102410746277132,0.00100122780825218,0.000999960186517928,0.000999060060705352,0.000996188909288057,0.000988936333593563,0.000991916082277676,0.00100054898514233,0.00102468704331805,0.0010319596217779,0.000993855487058451,0.0252443430260466,0.202052815035327,0.462375103554534,1.05804872522811,2.10965945337248,2.92171109103944,3.26119898849109,3.26307005678315,3.26822960031092,3.42117974719792,3.60550351641825,3.34886349903291,3.08140795521242,2.58529632935438,1.80923795285563,1.48430712909358,3.56464025559154,4.80436172710529,4.54613504393056,4.57187333406339,4.65558652512615,4.53423866864177,3.86661637708661,3.33183378776268,2.88254360658184,3.01592017647629,3.8196034308448,4.6710747997275,4.79442903717511,4.72068401561843,4.70518674551691,4.70483457653768,4.6553855086922,4.54674883304929,0.67806670409176,6.82846101627104,7.76039689187146,8.22526145918558,9.02714523086325,9.65946281260239
"33",0.000997479626551127,0.000993603820129913,0.001010848563102,0.00103588894939804,0.000984989130075695,0.00096666206944282,0.000967556626107608,0.000958467882863836,0.000982594100506548,0.00128713999214059,0.00115100657937973,0.000978718544620729,0.00105661069448434,0.00111204993155728,0.00104312591494113,0.00100605679160999,0.001001752305678,0.000999984661625067,0.000999916597360561,0.000997761011464655,0.000991830612212725,0.000984474937972659,0.000998161331404656,0.00363862368831406,0.0386937061380773,0.253357596063073,0.282489111101557,0.930463930612466,1.90517187871906,2.69197403500769,3.14665294157061,3.29639136247207,3.30162001032544,3.30530791867162,3.31338237912655,3.32202145930585,3.33287077510098,3.10028945955907,2.77230817602568,2.9136307268884,4.42035717325817,5.14240359233552,5.29802617838733,4.84795624100673,4.734154944628,4.75169955689757,4.63904240913253,5.16565958281764,5.24022760082324,5.18756993462857,5.20515652204902,5.37394230442382,5.78058611150759,5.46581984095543,4.71703212311801,4.71579582235498,4.25298859531693,4.06478364680288,2.60511340821875,7.39475956498867,7.89151087931665,8.50934862834942,8.97910170700852,9.68465242583998
"34",0.00100041573383587,0.000999995355907327,0.000999809551477592,0.00101208246012703,0.00109177088562316,0.00102470960985308,0.00098872702323352,0.00108170578020188,0.0010519663713404,0.000985070362040033,0.000974019255711962,0.00101154220990025,0.00102821097695373,0.00106733870576641,0.00121300148688883,0.00109410293322162,0.0010430302416888,0.00103308908164058,0.00101459759347886,0.00101024182188271,0.000991992516920477,0.000992118972395082,0.00111902800997077,0.00164692240993272,0.163576988923932,0.303301067960005,0.393173984244787,0.901322936065137,1.57296414238364,2.38252666785394,2.93966596530078,3.1514667223016,3.24314049721147,3.33698111298609,3.34263854088435,3.34981257282447,3.35795029147237,3.37689927512985,3.8620203656309,4.58307694963547,5.34817120813487,6.12904556517573,6.22892990740068,5.63694406573444,5.39953488605185,5.51234235961496,6.01353786471855,6.30517457269344,5.39299811571561,5.38939787701053,5.38629975476458,5.38272013551478,5.67275814819801,5.52202248537404,4.71260773899858,4.72542693177684,4.72408537256524,4.71307227054033,3.19252615590364,7.01788638056309,8.23013277264561,8.21188381910682,8.85683594663569,9.65764809916766
"35",0.00100445960567968,0.00102017310542965,0.00105303133442574,0.00108361145958234,0.000986066766910987,0.000974831656202085,0.000979868939725745,0.000992473702023143,0.000993822805846084,0.000994575439897592,0.00099180136681092,0.000989420710925087,0.000982166689880024,0.00100194974610565,0.000991560201424437,0.000985154349136075,0.00107416333921167,0.000967983718435604,0.000981408675659221,0.00100806728586708,0.000992664585921992,0.000994793551330786,0.00188454876381707,0.00416458988829753,0.0640786145119063,0.246832699667622,0.43240585515436,1.04707015541327,1.90567608255887,2.28294572686072,2.60630985158704,3.18483990193374,3.29521201379786,3.3595703675429,3.36171441283116,3.0621031196071,3.1481680968347,3.58866164096635,4.66825425100606,5.0879319017225,5.11282196283062,5.57103234542097,5.7154190870976,5.40568689809473,5.40600204137543,5.41866790199815,5.74127310913157,6.06810539267275,5.400880280439,5.39727962127845,5.39434520748218,5.39175575720678,5.38909779160802,5.09348496078913,4.67742042990433,4.34790172162721,4.51583514647851,4.73215675624642,3.39136795849941,7.18393028183719,8.53057958965675,8.14475878966072,8.97026196824565,9.71969844046978
"36",0.00101118637271276,0.00111902768119738,0.00106005366797932,0.000997932775849726,0.00108782581391591,0.0012257816948085,0.00111038658610954,0.000989347915758421,0.000990194599457897,0.00132043794245648,0.00104279185166883,0.000995274958085535,0.000997913713422167,0.000986023183363678,0.000974576659134221,0.00106291077063179,0.001114517809963,0.00104653192148473,0.00102656425439183,0.00101669419545907,0.000993489356308513,0.000979008790769374,0.000988611673133698,0.00155751737597073,0.00495957116898415,0.243882276656896,0.453904477067585,1.02141351683846,1.85645423005365,2.35376683269986,2.68226417184481,2.806121874968,2.49076069663287,3.12233711581699,3.11995802597077,2.77727937904575,3.42700847528387,4.3355139120977,5.05214878595951,5.26855545587275,5.40056268434195,5.41562890812656,5.41526010596771,5.41421268621126,5.41431659902744,5.44521676800363,6.02274773011173,6.21195126152939,5.40889215508515,5.40554762385449,5.40292831627732,5.40028925008168,5.3975725107841,4.76617564026399,4.74352059747651,4.58856856353908,4.18727460335588,4.30262833145947,3.2886986138388,7.76533513950182,8.35615261690831,8.22528106901394,8.88877042775043,9.71359570433064
"37",0.00103616863413045,0.000997622600281906,0.000976760732868868,0.000984031518026161,0.000974400182379151,0.000982326044474173,0.00099244570348047,0.000992617179404078,0.00112831239439989,0.00112240343108664,0.000976405799758382,0.00099537904165439,0.000999794136422301,0.000995898691667495,0.000992592441860433,0.000996171539281389,0.00105853113117765,0.00106674899159948,0.00101480677026053,0.00100016519193261,0.00099918804507779,0.000991703628882806,0.000992543312503009,0.00101938310151977,0.000998238180747614,0.272909199707984,0.384726263938045,0.603677400558453,1.38931910245876,1.9777243120332,2.39367003476599,2.39774103205157,2.6315921743684,3.00460607726969,3.15458456908479,3.74764025853677,4.15174247685782,5.12280694888333,5.03949198180288,5.18750463145353,5.42531603948228,5.42611572768259,5.42514074759001,5.42385855269895,5.44784521404565,5.81849430826223,6.0395906319308,5.8364936610427,5.41703337053171,5.41408377551997,5.41158124830227,5.40880640119105,5.22004252479851,4.75353572855549,4.74998014208723,4.61589403212746,4.67734171321324,4.73950975364235,2.87252307304123,6.89798886247714,8.76032544050627,8.60325678097046,8.91546458360819,9.65686950434058
"38",0.00106433912301046,0.00107511593012473,0.00105499998784262,0.00112513373046198,0.00112896032412103,0.00112659855596903,0.00103580568636071,0.000991754749944949,0.000986638589161128,0.00104907235629008,0.00102847057593898,0.000995471047232535,0.000999853234745163,0.000999664834163712,0.000980605442477837,0.00097859910357704,0.00100692060398936,0.0010968732848271,0.00101658434282522,0.00100384207310777,0.000999977487717039,0.000999375578415424,0.000987458647378662,0.000991383189907378,0.000999623417648282,0.0487301664405212,0.351282512097537,0.868044460094943,1.526202816282,2.16740402342721,2.4198558659849,2.42234989062559,2.42319360085551,2.66906780878658,3.25947363773867,4.28701786542819,5.172689373974,5.44296891185566,5.10824793831109,5.15044380277364,5.43864083405009,5.43728188215081,5.43601854440108,5.43401170244852,5.43417829704112,5.4316711387551,5.43268938902636,5.49047978715399,5.42568043528581,5.42308412566804,5.42077081497992,5.41819602325536,4.85208177421827,4.76228678520039,4.60786314408925,4.33009477829973,4.25371530609625,4.48156118419803,1.95944593281235,7.83624550444238,9.24479788651468,8.83892093362489,9.08017077880946,9.49221859867597
"39",0.000989001177743606,0.000985842982012791,0.000997306127352365,0.0012145935134154,0.00098082613453087,0.000977023012374249,0.000995936172296081,0.00099521564188378,0.000999473164639942,0.000997957196011256,0.000998884679259453,0.000999936438017506,0.000999900234211704,0.000996213390574073,0.00099549726835332,0.00108360147238444,0.00122274710853563,0.00120530619553542,0.00108247856777211,0.00103256191479685,0.00103573991809113,0.000999339801831155,0.000993599483508154,0.0009825026879366,0.00099322566252583,0.12965610813334,0.443256783384198,0.670027897237083,1.29171062880942,1.92220298065841,2.44291245072222,2.44321859958025,2.44446628419554,2.76949033299372,3.60413215892759,4.75425452645613,5.2707268671926,5.38760894776566,5.28158843055166,5.39138121124378,5.45028159539194,5.4491685840853,5.44760568708234,5.44626428543351,5.51245837835937,5.60826025075679,5.84247014056356,5.74342148205318,5.46664243097787,5.43382553543022,5.43080781471884,5.32179307532405,4.65839099337027,4.76824582425843,4.6741033311434,4.41922328195809,4.63185250627695,3.11197011389288,6.51969360945187,9.83624489663205,9.46134239776008,9.13536006307759,9.24983148397268,9.367237418106
"40",0.00101432023772874,0.00121238583699823,0.00104998331561534,0.000996212484749736,0.00100374382580984,0.00124242409911675,0.00108251818730175,0.000992246907170304,0.000999877257917336,0.000999983433411936,0.000999999047303618,0.000999994220500034,0.00099996072617455,0.000998355140828516,0.000991584931389101,0.00098448183244876,0.000978675879052921,0.000977132396398068,0.000980318968329259,0.00099983508848895,0.0010859045055379,0.00105467846498926,0.000989554187009163,0.000977864416933898,0.00197043913719625,0.21988683709179,0.489833207435417,0.763096431500117,1.28579473367644,1.86579664844119,2.46194970209841,2.46222769162004,2.46563360091447,2.7797142714184,3.92543996644022,5.00114126224552,5.26533143051934,4.8295265726745,5.09696108557735,5.45605661064808,5.46423699794185,5.46222379879652,5.46093728105061,5.45976549036334,5.52353643428808,5.63449979350255,5.4947462643166,5.44925901941854,5.44754597794711,5.44475529850268,5.44160907458958,4.61099578851315,4.52310674869985,4.71799999544522,4.27238377943014,4.52079600154595,3.81193420094434,4.47797407051517,9.5462963601991,9.95193834145183,9.58161650460668,9.25943114665866,9.23630055994723,9.27627763050056
"41",0.000993013637221706,0.000988928965241631,0.000986186070456508,0.0009840740492556,0.000994561346394667,0.00104100591263571,0.000991016217656238,0.000996371015509455,0.000999931657180444,0.00099999909067027,0.000999999921496015,0.000999999813039679,0.000999996717375846,0.000999918961731812,0.000997448778077017,0.00108090040137045,0.00102101735514513,0.000981148956030068,0.000997650497954498,0.00103429518891945,0.00105683562069831,0.00103175480912601,0.0010328569853274,0.00224539622989713,0.0245635949655187,0.262349042632204,0.440452177305723,0.704496371560595,1.38244649390988,2.16337371605504,2.46331724476756,2.47756033240652,2.57503558505467,3.33847397425173,4.50051258317634,5.32235573213454,5.43147728549283,5.46240239701086,5.74413948055158,5.56980267071784,5.47745329523003,5.47579467802994,5.59865465546276,5.9710326743045,5.52672386800859,5.46703019148785,5.46457715172516,5.46260202581687,5.45970694732236,5.45699697258142,5.39639181652001,4.36826889167663,4.41882035653176,4.53693153937457,4.79240226751491,4.4589359770963,4.80530639475558,10.4804528515053,10.364378116329,9.8580230624604,9.55032200509362,9.39114375133609,9.239442905078,8.98073689029444
"42",0.000999811180184166,0.000999903825944554,0.000999880051045689,0.000999866345411085,0.000998197276686634,0.000999078764383012,0.000999930236163545,0.000999958205179777,0.00099999891088183,0.000999999925886875,0.00100000000558098,0.000999999843170921,0.000999982077331579,0.000999943855053749,0.000995189870064388,0.000998767880268292,0.000997323701247586,0.000989815941749018,0.000990741040046843,0.00097844135909274,0.00103627257792705,0.00114308782636624,0.000994654993366174,0.00330901569715938,0.00398963938343964,0.0742136828300664,0.0586889656015687,0.832778266586865,1.59079776841022,2.10467424569329,2.43188733699915,2.49137872060539,2.72756027041139,3.44806278709492,4.65931755423488,5.49577365794667,5.41503363118375,5.43703698200174,5.49373639115946,5.4921348370385,5.49093608818356,5.49107602550664,5.48652388863661,5.48576319948345,5.56972582579799,5.48443278546695,5.47913598698793,5.47600201179807,5.4730298920678,5.46975681131878,4.60862950517222,4.35425198627371,4.43570301366847,4.33909592166838,4.77694817398009,0.844774497428748,9.26301176232226,10.5966398063401,10.2085609627655,9.86086766438349,9.65849777357572,9.33916982481617,9.36962868591564,8.09852069353459
"43",0.000996868956537608,0.000999958967237126,0.000999985365204143,0.000999992364346383,0.000999997950886833,0.000999999511248381,0.000999999558615805,0.000999999782937165,0.000999999990766543,0.00100000004749745,0.00100000004749745,0.00100000004749745,0.000999999758236926,0.000999994814188408,0.000999956627889016,0.000999073742985221,0.00099990944391449,0.00099989274475396,0.000999849216706223,0.000996639506991424,0.000989271064861163,0.000987468740268354,0.000988743613574221,0.000987873811699528,0.000994982966794623,0.00101195586931347,0.096400859940134,0.365805723936073,1.05245313828204,1.57008277856605,2.06300102841123,2.19001948991664,2.65410932649197,3.95468902322661,5.20697318250002,5.50664467904191,5.35991282294297,5.5051342115274,5.50745213040842,5.50747122925213,5.50853309534515,5.78160370005495,6.20671095335104,5.57377096310086,5.86616591761048,5.62890994831831,5.49365042901859,5.49027878031633,5.48719221092029,5.46509103531252,4.3179619165469,4.35473530395778,4.48290873916491,4.69279896124696,2.85531440546025,5.71852781045064,9.6495081344376,10.4810156569645,10.0821916728974,9.73312278196599,9.70764868871471,9.27596764817491,8.9249206865972,5.96506746461727
"44",0.000996778262964013,0.000999961556396719,0.000999990722885618,0.00100002035661708,0.0010000631453385,0.00100000929338796,0.00100000165229037,0.00100000005784087,0.00100000014630194,0.00100000004749745,0.00100000004749745,0.00100000004749745,0.00100000004749745,0.000999999916806379,0.00099999977010181,0.000999999603770862,0.000999999465778375,0.000999999063950866,0.00099999817449967,0.00099992504893682,0.000999757631853645,0.000988666434697554,0.000974980643373664,0.000991880213363639,0.00101848791839791,0.00106103793234172,0.000989524928788657,0.105132446542225,0.673236874495306,1.18893886928755,1.51905417693584,1.54717222982953,2.21586755801969,3.61943509723979,4.92151840693616,5.29917719290886,5.08481559525394,5.49156538613623,5.52293587701064,5.52286489396486,5.69235222178765,6.25622760952308,5.81331456246008,5.4602703069027,5.3523830603179,5.44450188204028,5.50658203936736,5.50360254491707,5.49789268276652,4.81890144518505,4.45010054556122,4.62327798526665,4.82739579932151,3.11055969764497,4.76088658737585,9.7635579874722,10.167915181613,10.1779980468174,10.0565481061198,9.75313244911315,9.31981492050349,9.24539626580525,7.30837692103172,4.63490490935833
"45",0.000999678298249849,0.00100066631298708,0.00100241307708132,0.00100698986764167,0.00100071022503494,0.00100036530669286,0.00100001453865341,0.00100000635524676,0.00100000047794003,0.00100000075086373,0.00100000100397682,0.00100000110682181,0.00100000095291722,0.00100000149928819,0.00100000140435376,0.00100000004749745,0.00100000004749745,0.000999999958784668,0.0009999997463987,0.000999979839220793,0.000999196695995625,0.000995930761846373,0.000999803549762505,0.000998068812611443,0.000989283161812664,0.0010076272419299,0.00103916393453389,0.195994136391856,0.699584026649502,1.40644294215133,1.53713029739245,1.67507913610509,2.43952726203197,3.64720871167227,5.30666966813358,5.49734671207008,5.43847067356366,5.54091235111477,5.53972040774854,5.55864335209133,5.62075633186306,5.57074000689015,5.53082717366154,5.530441412392,5.48089055721327,5.50737936297815,5.41248946563272,4.98506993223336,5.46407994351854,4.71442779436923,4.71402969220855,4.85048785035649,3.79193780822885,4.81762360097949,9.76977408901229,10.2550621737961,10.0140134140679,10.2280190835247,9.96530913458966,9.60522974410268,9.34759888010241,7.98612076267239,5.41274566011373,3.91443559436857
"46",0.0010117813261149,0.00103213028601271,0.000997762540622647,0.00100518967873568,0.00101595806987698,0.00100331737683141,0.00100025800366859,0.00100003262325523,0.00100003532662907,0.00100004147351086,0.00100005866201027,0.00100006802820709,0.00100020889421851,0.00100035079434305,0.00100002730202833,0.00100001611254511,0.00100000302444376,0.00100000141400157,0.000999999858182227,0.000999999051763393,0.000999953912073018,0.000997777036663902,0.000993318271002398,0.00100035168502672,0.000982819013225585,0.000991692563571184,0.000980936007721776,0.239969498193472,0.686817213673092,1.10365489588198,1.4379360786597,2.00060211715668,3.10670267617258,4.01751142300219,4.82905987812729,5.55873638073417,5.55989306242023,5.5594951902313,5.55758186586793,5.55628947893779,5.55815111016685,5.55264513299604,5.54999532801629,5.52459570819644,5.52282483720553,5.53799344159458,4.81212806107284,4.83794770010307,4.79059776393006,4.59320365203059,4.70421557087556,4.87000285405448,1.03970459788791,8.16221898210545,10.1693582770098,10.192188912008,9.66920612289888,9.95541430869553,9.8906248488109,9.38404046186984,8.50187811341775,5.92512811593376,4.68535267514212,4.7706307615854
"47",0.00104333230405613,0.000999848471814796,0.000981607033172169,0.000993203421664249,0.00102125114009857,0.00100110268459079,0.00100067703582031,0.0010018472332543,0.0010016081999186,0.00100200025999223,0.00100647891701681,0.0010123614869251,0.00101787904609466,0.00101173079432071,0.00100120854372895,0.00100045661563255,0.00100037716856792,0.0010006159582582,0.00100044402087391,0.000999977097623101,0.000999908676845342,0.000998895820694242,0.000984115822172981,0.000990860709468535,0.00112823291090431,0.00109908018087562,0.000998564294499928,0.000961988205786138,0.800390515478187,1.4558198220187,1.85140381797357,2.34202989855115,3.0891245446963,3.77387429439498,4.21527074041351,5.03403904867738,5.57508538837044,5.57826705871891,5.57736643500217,5.57568921786919,5.57132701800552,5.56998516489823,5.56915324455248,5.56438059886936,5.42596523521039,5.40249460817493,5.24480865984818,4.91330067374001,4.43908630148532,4.52151657721452,4.81669159514241,0.807966518143395,6.69561400257111,10.1357361390334,10.0266909247745,9.99994779449636,9.43020679157322,9.92671816058986,9.5886213587113,8.58198510920459,6.2044613454175,4.79287846635248,4.40867756113736,4.95162772437452
"48",0.00104203176002557,0.00102128709946749,0.00101563305926714,0.00100916012926817,0.00100243181741586,0.00100180235791455,0.00100654514492095,0.00102147687822092,0.00102134398254659,0.00100724247543035,0.0010522992116922,0.000990973807460528,0.000975633422630273,0.00100138659490983,0.00102706105428944,0.00102630234695498,0.00103854446454642,0.00102594179578992,0.00102006622535596,0.00100158007691226,0.000995858381320509,0.000988081425593928,0.000980530446279033,0.000986928659217879,0.000984147967294298,0.00106956617624345,0.265315656559764,0.63979334971773,0.733547332985736,1.50424574969724,1.5854588360369,2.09018194888884,2.80116946683209,3.42689716686981,3.84730385301804,4.47557945716051,5.47240062167304,5.59888365396541,5.60046096705065,5.59129118006083,5.25503693558269,5.47816682430894,5.79679388212655,5.59491196011103,4.81297263294246,4.58373278502521,4.7816214840349,4.53314355939474,4.45545221544986,4.7434658230883,1.6898651344197,6.02609394382786,10.0030933292335,10.1127837002501,10.0275154999486,9.95866811758438,9.40571860394364,9.54614240791851,8.79521220542281,6.97124346242091,4.44536903786197,3.89304103603459,4.22454253543358,5.09119650305547
"49",0.00110807148054546,0.00105355229822991,0.00101396439398078,0.00101447225954471,0.00103042269347707,0.0010406495684137,0.00106270957133449,0.00109648906939574,0.000992705071918181,0.000990182690486177,0.0011400568187134,0.00115634611025249,0.0011646319852568,0.00115467062073621,0.00111305034329763,0.000992446493237742,0.000990503072547044,0.000990247869086807,0.00105910224259888,0.00106485450563689,0.000998127659227024,0.00119140107937991,0.00128094969229207,0.00117169535410332,0.000998118226293582,0.00103681937068278,0.000996712223100264,0.00137310791896815,0.31730251846241,0.677058775680527,1.62800943138197,2.68047578786272,3.39689920243811,3.62795366590912,3.68588778736812,4.72565626020905,5.57845472202965,5.62481732312679,5.62512372919153,5.62520378148448,5.82411055277418,6.11540985381517,5.73607849152822,5.50731895758219,4.86963327184985,4.60474486134469,4.58653594084242,4.48609719660738,4.80907860644826,3.43459304329256,6.09277370340967,10.0135445268934,10.1469002238143,10.1054753571065,9.98215759061167,9.87972165892633,9.32757398324815,8.82210012941877,8.67139646258558,5.44622298681739,3.44521840277905,3.69706731835181,4.94245075313314,4.80691368714712
"50",0.00100113597734061,0.00108362213175871,0.00117802783225575,0.00113064691385126,0.00100101004151632,0.00100468560235761,0.00106881236765475,0.000996927883440558,0.000991834589124636,0.00121722392901698,0.00113914845591155,0.000998013691504957,0.000982557226170782,0.000989966077880414,0.00099571477115101,0.000978519862458023,0.000991676576742771,0.00105594195675643,0.00112043054529999,0.00107367182429574,0.00109137777447756,0.00100354915382667,0.00101612861749363,0.00102447709630785,0.000996960620803391,0.000996880142859096,0.000987483669804947,0.00255715747925227,0.0138891355590027,0.703500056904887,1.56631651285053,2.63186730033826,3.33007169169015,3.65366850502968,3.65098163122502,5.00083194527931,5.65493082961292,5.65378052956421,5.65210413012724,5.6496466941955,5.64539525526623,5.64458914738053,5.64430983587897,5.64448382093101,4.87846335268515,4.63749300322036,4.54000456133323,4.59271722314703,4.83607042815798,0.79261892501215,7.79192889040781,10.0105467765611,9.9916854684609,10.1565983599518,10.024769799163,9.85242256345576,8.86207480247211,8.63151327972676,7.33581771925127,4.3874813874206,3.69115012850909,4.32501564236918,5.41759399725177,3.12453091517886
"51",0.000988608938704068,0.00101499165016356,0.00101529556656875,0.000994521380434305,0.000977575533672649,0.000984151127974751,0.000992874634367049,0.00099192735922422,0.00108305646355909,0.00107764148569203,0.000980320305508301,0.000983711343997162,0.000985725389366211,0.000983402880645306,0.000959121921572107,0.000976837661502382,0.000994272578790145,0.00110734680385127,0.00101178428950268,0.000992667712076343,0.0010585911355163,0.000986022484255501,0.000986500863557207,0.000997367202994961,0.000995794685792656,0.000999481457774878,0.00100719774512232,0.00100853138811909,0.00100391283082795,0.641514563322077,1.66675031806764,3.00707796237663,3.55285897317422,3.71200787001892,4.38092412442971,5.6873272742404,5.68560957693586,5.68333316604414,5.68133290442174,5.75646331005018,5.6767789061739,5.67369133894803,5.67123090073459,5.6694355977751,5.149108409646,4.66049259494529,4.66073998764997,4.8189963482741,4.16001084962985,4.52529128741635,9.43499292305052,10.0774314534348,10.1448868744639,10.123242182926,9.90603825441442,9.48340596886428,8.6884074670014,8.27878765886592,5.23995169586084,4.25782267462996,4.22322137302711,5.17163792137106,4.80244514108214,0.440298695303212
"52",0.000997882222184994,0.00100198084194749,0.000999345818238409,0.00100016388872084,0.000999967762466671,0.000993445242767083,0.000991363824247588,0.000990651317297104,0.000987008678923145,0.000992349821381389,0.000997837798148932,0.00102023757782804,0.00120075929570693,0.0012653396011971,0.00129976979876716,0.00125445378663453,0.00102968844004508,0.000982082998833981,0.000975632848704809,0.000971884693907716,0.000971002722440019,0.000967047107773592,0.000997892032593355,0.000984673223644274,0.000980631357609265,0.000987911284291049,0.000992020961771071,0.000987476180946212,0.0327459131263006,0.571284140085165,1.95460380392206,3.74812351823398,4.51244196154338,4.44678205164357,5.40841959896756,5.71819346217746,5.71567881063717,5.7124024649444,5.90678175439473,6.04135095571538,5.86632325073372,5.73231659264849,5.69721907392484,5.69452310201508,5.61807935328621,5.0486069982913,4.62247796336304,4.88877125604816,1.81861749806436,7.56937436148361,9.52308360224795,10.1511905790424,10.1962822454198,10.1311036138482,9.87205401764984,9.49248288635621,8.34933334799862,5.735358989209,4.35945758825167,4.11944239385777,4.16623424223618,4.94658124100202,3.50807718856646,1.93384158912727
"53",0.00117100969746725,0.00110893311874439,0.000991808452621495,0.00101859210779087,0.00112361950996324,0.0011051014457676,0.00110467027701879,0.00106963257617795,0.00108032175595932,0.00110093251414126,0.00114688084365912,0.00108817450766449,0.00100894793857161,0.000992133298268921,0.000981004714471297,0.00107883932696625,0.00120638669180176,0.00112384694404025,0.000990545240562778,0.000971306293346421,0.00108909975778686,0.00117702506622917,0.00112934640360209,0.000995457465116982,0.000981537278576495,0.000990115100602006,0.00100252312542168,0.000992686643081491,0.000995009782963854,0.333379319546157,2.534329455438,4.56930017840915,5.76352903876112,5.75807534646195,5.75236689794556,5.74687104098397,5.74095556254134,5.85993428460784,6.1590696535299,5.93938963290836,5.72652199199991,5.72329109879118,5.72015720273605,5.71686281539419,5.67110588645732,4.86963118311456,4.85276223537277,4.9104126066191,2.34810933033345,10.0317647940703,9.9350123275361,10.1511000112001,10.1181195664222,9.97163699215467,9.90533924200333,8.89954411856642,6.71579286312452,4.88479886783976,4.36494549937665,4.30474694199856,4.45588326630344,4.66529891430775,0.90977402057238,2.50914163548999
"54",0.00102131093695334,0.00106213655116591,0.00105187319201822,0.000998629806945776,0.00100235103374241,0.00100361469060229,0.000996260285745454,0.00104361591854917,0.000997879307882018,0.00102650613741574,0.00103057174582448,0.000987562171372794,0.000973661506574749,0.00099183180942192,0.00103929886549693,0.00114351127221749,0.0010000951860377,0.000989929598638138,0.00100184618025598,0.000965239753311303,0.000997180347941864,0.00116697028307071,0.00116359778976678,0.00106391150140779,0.000982453659666675,0.000953795128837387,0.00096907705439684,0.00268019776170914,0.00440593214504859,0.641351219768704,2.69028806391719,5.38783748418704,5.77894907343569,5.77686158351012,5.77508550042271,5.77063926056036,5.76526048195037,5.75958698856308,5.75637094099371,5.75331655504456,5.74984580408004,5.74657061335497,5.74303419425667,5.73908648273458,5.52309664881481,4.77093876140474,4.92525087285959,2.54541591957059,7.93809828636702,10.1991486267491,9.44726346252569,10.0435662051483,9.95884367906062,10.0076395868886,9.52367839476457,8.03537253810601,5.69844836543686,4.30222732448085,3.84350704983951,4.3628509396674,4.47397618160554,4.70552519684848,0.879685507223732,1.5516930391231
"55",0.000999961803248271,0.00099245617361749,0.000987654949270371,0.000999155477106756,0.000999636625062026,0.00100159217788207,0.00101106692792566,0.00105288436741832,0.00107023049779634,0.00103085474780491,0.000996178007928411,0.00098661652826631,0.000964348216081471,0.00101891318550245,0.00104517836583671,0.000995540228793924,0.000962717878647881,0.00115956280301516,0.00115137168154307,0.000987151584486608,0.00115488081604341,0.00113101433132192,0.000994010898318903,0.000968055975315947,0.000967754272179537,0.000998015983451081,0.00106895101058071,0.0019573086363706,0.301625719915198,1.21797924697813,4.13405325735077,5.80841258012469,5.80545177394864,5.80294940817877,5.80002232671722,5.79657161711191,5.79365806075726,5.78715218487866,5.79250180979998,5.78432550194798,5.77344803818059,5.76966376671878,5.7663913292996,5.76325088779922,4.83747335298094,4.8413339403743,4.96202683884533,0.806211929313444,9.01756140990832,10.2383907352931,10.0745867764429,9.96219248157959,10.0109977994452,10.0897530747669,9.09565227770655,6.76870235297488,4.30830671643441,3.76740440011591,4.07678586602108,4.65380718164132,5.05122669244374,2.68005909097047,2.18620284665559,1.72203506943607
"56",0.00099785845131966,0.000990562408670927,0.000990998104762774,0.000984214539748082,0.000981149081669259,0.000992129470847623,0.00106777685490669,0.000999961131356297,0.00098572064393762,0.00101645180387406,0.000961314483958894,0.000975383747496628,0.000993765448825011,0.000998375111827189,0.00116717694917228,0.000994564013668457,0.00100487633970345,0.00110818534320559,0.00115986319797452,0.000999783846611048,0.000969394564123242,0.00096105523828537,0.000971001315274485,0.000990308383940543,0.000997349591737442,0.00241322177092805,0.00207921083632706,0.000995821770497257,1.75097520110397,3.83704995958866,5.84692638965502,5.8412864759663,5.83519648095397,5.83028405346709,5.82655374390259,6.12449495452576,6.05980929994128,5.81468137330949,5.80777756644713,5.80218724460534,5.7969958623397,5.79105758822945,5.49515790242821,5.73521452398392,5.01963917740615,4.99187370077731,4.50644314770295,5.3862544187215,8.71492372726849,10.2869095373663,9.94385895377768,9.79243781125393,9.88873867466631,9.66632422028612,8.20343341225765,5.43058277293874,3.57843083851403,3.64653658589486,4.30847588631679,5.01690626562685,5.08618882905418,0.65944751021863,1.96003057804979,0.915930208866599
"57",0.000985722285939522,0.00100289770509196,0.00103583843466264,0.000986815084298232,0.000989618833551277,0.001023301394295,0.000992432058658768,0.000990532998862437,0.000984643589879405,0.000992033671117793,0.00112463863732249,0.00115274720968963,0.00104114928263132,0.000981042531007109,0.000970454051027998,0.000978690969678598,0.00101544211417494,0.000968637188691905,0.000963593128121778,0.000988326907650091,0.000987363675359641,0.000997294572604715,0.000983285381203135,0.00099441225729016,0.108739205301021,0.37322589175363,0.960476209691667,2.16934365515265,3.69002408833977,5.22018177639127,5.87394406376966,5.86943876783151,5.86240470847548,5.97727451924835,5.94294670648036,5.88959856383433,5.81827436849251,5.83234303187808,5.83090675946423,5.8256063182061,5.82114566643632,5.72555382657435,5.39524688821997,4.97389597411013,4.86228590452213,4.92531414770972,2.56356562823557,8.48439113699437,8.47684891502236,10.3539758847578,9.79903673990683,9.69655958573342,9.77609011797759,9.18322683552504,6.61931826086353,4.28707434807424,3.39715937339561,3.57837308179029,4.30873937808729,4.60647788032805,4.58984996619156,0.597427536137301,2.00750621671757,1.88514835005838
"58",0.000993646096130508,0.0009802725585686,0.00106436457197755,0.00101181615084637,0.00100246966930045,0.00104805331445263,0.00101130740309839,0.000996195208683091,0.000995990326377656,0.000985498493554813,0.000983242895947792,0.00113193577514311,0.00118499777021383,0.000998486257496625,0.00104452178715274,0.00114146136471765,0.00108635682657868,0.00102385936640578,0.00141354458840612,0.00133987925762667,0.0298071719340873,0.175607441236912,0.308495812046329,0.353296357897291,1.24385786828972,1.85847828955629,2.6165657415708,3.70432531488052,4.47060150582938,5.30840298031852,5.90541992030658,5.93189725073304,5.90999900916834,5.89803966674698,5.89009984576079,5.69566924854889,5.38408613515594,5.85850132366173,5.85316416428664,5.8488767150804,5.84403630057918,5.83834678712645,5.52349116585005,4.7865151407847,4.42943015719389,4.81033472019709,0.771674225052363,8.34653295445388,8.83123154346648,10.3341622703206,9.7233798830671,9.66115277113931,9.65240992509756,8.19602270373412,5.39756003497099,3.84174856327219,3.52986254732432,3.58587159174215,4.26984449700745,4.82332009740989,3.11220955900276,1.64646581184867,2.00108007981293,1.9449204974722
"59",0.00099442942501485,0.000989779666189853,0.00100176634569181,0.00105754669920169,0.000986426075594296,0.0010172645364233,0.00109586105422904,0.00100821546875921,0.000999994342315318,0.000998377069033841,0.000993244117078728,0.000981158286564847,0.000962678057390052,0.000971048038219923,0.000990523965817533,0.000998649159615128,0.00539383354087998,0.0383659172421174,0.254223528935281,0.73463277433847,1.01610836454266,0.843667265477716,0.996853959421687,1.21368231987903,1.85168956792688,2.72539858724964,4.08062870928766,4.74278336348049,5.24721277526263,5.82770596160778,5.99803475200918,6.02063115850753,5.91588444568415,5.90488165330292,5.89967812845649,5.89447468977586,5.89064390550202,5.8843762945566,5.876456557299,5.86969515631322,5.86480474368996,5.86199253347536,4.98945663947302,4.69783612605002,4.41635109334299,4.39639221846024,5.25166770426812,7.90999803819299,9.14025102329836,10.3643738236248,9.7153766632692,9.59274556114957,9.53427861733191,6.72475693293462,4.6613857907557,4.06893199343425,3.68732694397634,3.56427529369372,4.44150961531468,4.52359765417998,0.545329712345434,2.01290831933032,1.81361835721307,1.43176653680676
"60",0.000994355961431452,0.000973544447219556,0.000990059002722731,0.00102098881548114,0.00102675977991546,0.000978775881852934,0.000990519690400201,0.00102272074656823,0.00100067872932113,0.000999887006909778,0.000999089368404275,0.000990092919611119,0.000984966031048298,0.000993645490536074,0.000983939684865868,0.000994439780763034,0.0174138945318094,0.237623752617127,0.479161966631566,0.616298278156292,0.914254567824076,0.990887031633565,1.18427735193857,1.79941082749074,2.64790753806444,3.56369970740692,4.39700019998799,4.97844686299322,5.61007123006809,6.00526372243478,6.03249196653785,6.16328450414625,5.70782993670626,5.62767357684044,5.54424223043242,5.87872712246392,5.90406182276382,5.89921114438407,5.89849154102305,5.5570578986449,5.76635065592466,5.50189929303014,4.87116142110884,4.75436314818278,4.41253622438564,0.775122553407736,7.62990210573609,7.76322661962883,9.59798568943058,10.351259909803,9.61840554424538,9.56827148110877,9.22558414747368,5.88745906267498,4.44808423803838,4.16094413736909,3.6593146923939,3.63654332622877,4.39477254392258,4.42523380524546,0.0750171224230948,1.75598255524812,1.29824293431065,0.923264864842511
"61",0.000988141289327597,0.000997677007565885,0.00108808287100829,0.00100151180242741,0.000998400765689822,0.00108708672289873,0.00111855368422668,0.00103643449685397,0.000995968902898217,0.00098979201100058,0.000992800289598632,0.000964010864789626,0.000976518475741438,0.000998106068996828,0.00102163996617378,0.00115059242510015,0.0335745630112227,0.39752408051393,0.82076218989672,0.857334212835426,0.701756689910134,1.03930274105289,1.70608097837749,2.53229844612118,3.15740283358224,4.25550044508432,4.91937376687881,5.23278092116962,5.83317719299119,6.28023283123843,6.15951514941572,5.91781646880758,5.82518344078318,5.68374687118675,5.11206220737661,5.39659854733114,5.17649710581717,5.36026190697458,5.91828563962445,5.91515333917931,5.76134186071536,4.91013243259627,4.86119967596234,4.36357284792376,3.68540709857861,2.76038135378286,7.05380853624373,7.7564248762718,9.79584001602461,10.353524068903,9.72852637344984,9.66508769871212,9.78312671838862,6.5944064195268,4.65106145543235,4.23519483875911,3.87491837023271,3.97065363002599,4.32346038957011,3.488252900883,1.53061758918357,1.58271223748227,1.33208641151221,1.12339876980924
"62",0.00110372322479969,0.00115892419523384,0.000969862961319093,0.00102383543781713,0.000981765011598959,0.000995136156969973,0.00110068432037025,0.00102863587417963,0.000987848577279431,0.00101640306192054,0.00111614793094025,0.00101088163477653,0.00104986193661594,0.00116687560282221,0.00113543869649615,0.0766424551832084,0.221157037987368,0.847617947300727,1.0476229031591,1.05143403011828,1.15432628101657,1.77375537085962,2.54316918520431,3.39439767969389,4.27139639685196,5.00756793682715,4.68790310073037,5.12242977659846,5.96633679610549,6.58842482107229,6.1017074576954,5.97964762395089,5.97693113121835,5.9744663381959,5.94994120714393,5.96352480929436,5.95709724581738,5.95029668648663,5.94287553804234,5.93684948584726,5.55488558175569,4.6876414581686,4.32939794505365,4.20876318734224,2.85553455991482,5.03535381050795,6.6662314891866,7.36928348910025,10.1830004658993,10.2558339289613,9.63445504339489,9.66463422622322,9.98107959916176,6.79825908537592,4.59997474130209,4.21839813946148,3.83930905282047,4.1439350019619,4.33126377081903,1.76281580192333,1.91405249389649,1.52466003493369,1.45318804628621,1.27292366700961
"63",0.00101360604164613,0.00104771189160186,0.00105807745077761,0.00100150840196455,0.000987995970722993,0.000997360533540332,0.00107017505505202,0.00105282254411989,0.000987502622282387,0.000984635907721208,0.00111905668142825,0.000995826311993494,0.000980667904897698,0.000973401063786618,0.000994975737023523,0.00110102236772605,0.409030569592002,0.967820143197375,0.789500898668214,1.19523167562933,1.75198690345063,2.49200503673938,3.0861718121295,3.94899304502464,4.92429262811855,5.02851557608061,5.08248690354121,5.31686102329734,5.79980865253736,5.9538508067353,6.00329230728371,5.99909231881659,5.99507925146886,5.99076773881317,5.98564652033116,5.98109842163834,5.97475677722873,5.96952590710116,5.96561250727773,5.51098262650951,5.00965733975095,4.58313479697256,4.45201076747947,4.5881976027433,2.220221982107,6.41073366685101,6.20312568449359,7.27261441664016,10.3318546038508,10.3822481147855,9.66013430460392,9.73974498261651,10.0556395668453,6.58769428291198,4.53843782061355,4.09255443232894,3.77609617077145,4.02912826846078,4.44475250126173,0.358488394976597,1.85795197873914,1.83163427131728,1.53681887709118,1.89920086739242
"64",0.000995117984843823,0.00112222481804514,0.00102333575194983,0.000997527467133581,0.000987182482148919,0.000986544657627734,0.00113910905918729,0.00107126448122381,0.000991484329498031,0.000984168947464045,0.00100042860517769,0.0010986790573648,0.000988574755365603,0.000972172429576008,0.00129298067934172,0.00281237663083474,0.185150276190633,0.753086907157986,1.25007401906799,2.06894219999339,2.63640729735771,3.04828327339492,3.64065377600891,4.19007597860399,4.91611929924656,5.04659968343771,5.04023965252834,5.42977302895252,5.98750379384832,6.02435987171323,6.01980761523551,6.01567018561419,5.90680862604546,5.87356347122092,5.92437437182379,5.99729143607506,5.99317907469985,5.98617019991341,5.48013062781204,5.08645135568653,4.97185265652739,4.41477517549456,4.41900720265657,4.63348792113185,1.09013891022792,5.5698555746303,6.132729238383,7.74566034363401,10.3160243694469,10.3221405143962,9.68166439239211,9.77566444836276,10.1076741263459,6.94863412902597,4.53170328239258,4.03040281059833,3.83914581534729,4.21156200022911,4.39683626881249,0.809422643728019,2.19359970319984,2.11820594421715,2.11386894902914,2.52025730636014
